52.236771 -7.573770 330.322021
67.128487 4.473118 307.823303
117.039993 -0.655313 335.901794
85.717163 -38.904087 311.683167
103.584396 -0.625718 320.732025
115.479462 6.802468 331.423096
69.086975 -11.928840 314.642181
78.796814 -9.165483 301.293732
70.652054 -25.698959 321.770020
55.045467 4.180117 320.732025
114.221382 2.317592 329.228241
107.508308 -24.895819 323.866241
123.496979 -4.192673 337.040436
87.613098 -18.991383 306.873260
60.723656 -9.820160 322.814728
62.133514 -3.951561 317.657928
53.505543 -1.612899 325.989929
67.970230 -3.410213 311.683167
61.072178 4.572206 314.642181
72.908699 -2.422994 304.990601
74.047104 -10.286596 307.823303
83.164513 -13.805559 304.057892
78.465820 -15.504252 310.709167
79.208405 -22.230577 313.649628
69.749153 -18.706856 317.657928
78.067322 -32.406658 316.646271
86.575447 -28.915283 309.741211
96.403877 -32.034218 317.657928
97.210655 -21.898767 315.641052
105.366043 -12.681212 321.770020
95.187424 -10.011325 313.649628
108.833374 0.826700 324.924622
110.655586 -11.382136 325.989929
114.600853 4.800056 330.322021
109.190201 3.271719 325.989929
116.254494 3.348572 333.647430
115.367424 0.846054 332.531555
120.059875 -2.165254 335.901794
119.254112 1.348829 333.647430
