-101.501488 14.732834 327.057312
-75.620277 0.552234 316.836792
-121.646355 6.734657 342.526245
-75.620277 0.552234 316.836792
-129.681122 -5.714386 353.267487
-129.756516 -4.643188 352.040863
-69.493164 20.857903 408.821655
-84.345787 -7.938941 315.849731
-85.843414 -40.320637 342.526245
-100.688309 7.383437 326.005676
-90.988861 -19.779383 429.609192
-75.620277 0.552234 316.836792
-75.620277 0.552234 316.836792
-75.620277 0.552234 316.836792
-79.878265 -3.705759 316.836792
-79.878265 -3.705759 316.836792
-92.387764 -0.398974 320.847382
-87.874855 3.925340 321.865936
-101.013115 11.314230 327.057312
-92.681053 3.444720 321.865936
-111.341225 11.075961 334.613098
-110.841568 7.078725 334.613098
-125.386650 1.123665 347.218384
-114.856094 5.654408 339.089539
-129.681122 -5.186876 353.267487
-125.386650 0.605188 347.218384
-84.956573 -23.511866 329.181061
-80.532692 -19.087976 329.181061
-101.591019 7.438278 378.312561
-87.275566 17.455088 363.397034
-79.974541 1.355828 418.957733
-112.007362 -11.460253 386.976227
